acc = 0.8835616438356164
eval_loss = 0.7183337232909363
f1 = 0.8835616438356163
mcc = 0.8180265858079171
